2017-10-18T10:02:04, 60:01:94:82:7E:F2, -25, 8890, 658, 1, 0, 0
2017-10-18T10:02:04, 60:01:94:82:80:B8, -32, 8823, 661, 1, 0, 0
2017-10-18T10:02:04, 60:01:94:82:85:7C, -22, 8852, 652, 1, 0, 0
2017-10-18T10:02:04, 60:01:94:82:81:87, -30, 8882, 654, 1, 0, 0
2017-10-18T10:02:04, 60:01:94:82:85:76, -28, 8775, 667, 1, 0, 0
2017-10-18T10:02:04, 60:01:94:82:7E:38, -35, 8743, 656, 1, 0, 0
2017-10-18T10:02:04, 60:01:94:82:81:75, -38, 2176, 1024, 1, 0, 1
2017-10-18T10:02:04, 60:01:94:82:81:D3, -31, 8884, 666, 1, 0, 0
2017-10-18T10:02:04, 60:01:94:82:7F:57, -40, 8788, 670, 1, 0, 0
2017-10-18T10:02:04, 60:01:94:82:85:46, -27, 8833, 666, 1, 0, 0
2017-10-18T10:02:04, 60:01:94:82:85:51, -31, 8783, 666, 1, 0, 0
2017-10-18T10:02:04, 60:01:94:82:80:53, -39, 1369, 1024, 1, 0, 1
2017-10-18T10:02:04, 60:01:94:82:7E:E5, -29, 8784, 659, 1, 0, 0
2017-10-18T10:02:04, 60:01:94:82:81:D0, -29, 8820, 662, 1, 0, 0
2017-10-18T10:02:04, 60:01:94:82:81:3F, -32, 2146, 1024, 1, 0, 1
2017-10-18T10:02:04, 60:01:94:82:81:05, -29, 8744, 666, 1, 0, 0
2017-10-18T10:02:04, 60:01:94:82:7F:FD, -28, 8787, 667, 1, 0, 0
2017-10-18T10:02:05, 60:01:94:82:81:9E, -39, 8802, 670, 1, 0, 0
2017-10-18T10:02:05, 60:01:94:82:7F:DB, -30, 8755, 673, 1, 0, 0
2017-10-18T10:02:05, 60:01:94:82:80:39, -37, 2174, 1024, 1, 0, 1
2017-10-18T10:02:05, 60:01:94:82:80:1B, -35, 8807, 657, 1, 0, 0
2017-10-18T10:02:05, 60:01:94:82:7E:F4, -32, 8788, 659, 1, 0, 0
2017-10-18T10:02:05, 60:01:94:82:85:3D, -27, 8783, 662, 1, 0, 0
2017-10-18T10:02:05, 60:01:94:82:85:87, -42, 8758, 666, 1, 0, 0
2017-10-18T10:02:05, 60:01:94:82:80:06, -26, 8797, 685, 1, 0, 0
2017-10-18T10:02:05, 60:01:94:82:7E:1A, -29, 8762, 668, 1, 0, 0
2017-10-18T10:02:05, 60:01:94:82:81:FE, -31, 8808, 667, 1, 0, 0
2017-10-18T10:02:05, 60:01:94:82:80:A1, -31, 8747, 653, 1, 0, 0
2017-10-18T10:02:05, 60:01:94:82:81:75, -40, 2177, 1024, 1, 0, 1
2017-10-18T10:02:05, 60:01:94:82:7F:10, -36, 8770, 667, 1, 0, 0
2017-10-18T10:02:05, 60:01:94:82:81:52, -24, 8750, 656, 1, 0, 0
2017-10-18T10:02:05, 60:01:94:82:7F:23, -26, 8755, 670, 1, 0, 0
2017-10-18T10:02:05, 60:01:94:82:80:53, -36, 1370, 1024, 1, 0, 1
2017-10-18T10:02:05, 60:01:94:82:80:C6, -33, 8780, 669, 1, 0, 0
2017-10-18T10:02:05, 60:01:94:82:81:FF, -31, 8807, 656, 1, 0, 0
2017-10-18T10:02:05, 60:01:94:82:80:7C, -25, 8818, 670, 1, 0, 0
2017-10-18T10:02:05, 60:01:94:82:80:87, -32, 8795, 651, 1, 0, 0
2017-10-18T10:02:05, 60:01:94:82:81:3F, -31, 2147, 1024, 1, 0, 1
2017-10-18T10:02:05, 60:01:94:82:81:61, -30, 8790, 667, 1, 0, 0
2017-10-18T10:02:05, 60:01:94:82:7F:0A, -34, 8786, 670, 1, 0, 0
2017-10-18T10:02:05, 60:01:94:82:7E:54, -25, 8780, 666, 1, 0, 0
2017-10-18T10:02:06, 60:01:94:82:80:39, -35, 2175, 1024, 1, 0, 1
2017-10-18T10:02:06, 60:01:94:82:7F:C1, -35, 8857, 660, 1, 0, 0
2017-10-18T10:02:06, 60:01:94:82:80:BD, -32, 8739, 666, 1, 0, 0
2017-10-18T10:02:06, 60:01:94:82:7F:54, -34, 5905, 666, 1, 0, 0
2017-10-18T10:02:06, 60:01:94:82:80:62, -36, 8855, 635, 1, 0, 0
2017-10-18T10:02:06, 60:01:94:82:81:7D, -34, 8863, 674, 1, 0, 0
2017-10-18T10:02:06, 60:01:94:82:81:DA, -34, 8874, 664, 1, 0, 0
2017-10-18T10:02:06, 60:01:94:82:7F:C7, -29, 8816, 665, 1, 0, 0
2017-10-18T10:02:06, 60:01:94:82:80:90, -25, 8870, 683, 1, 0, 0
2017-10-18T10:02:06, 60:01:94:82:7F:CD, -34, 8775, 683, 1, 0, 0
2017-10-18T10:02:06, 60:01:94:82:7F:55, -28, 8805, 644, 1, 0, 0
2017-10-18T10:02:06, 60:01:94:82:85:84, -33, 8850, 668, 1, 0, 0
2017-10-18T10:02:06, 60:01:94:82:81:29, -34, 8784, 674, 1, 0, 0
2017-10-18T10:02:06, 60:01:94:82:81:75, -40, 2178, 1024, 1, 0, 1
2017-10-18T10:02:06, 60:01:94:82:7E:1F, -29, 8726, 669, 1, 0, 0
2017-10-18T10:02:06, 60:01:94:82:85:49, -30, 8867, 667, 1, 0, 0
2017-10-18T10:02:06, 60:01:94:82:81:51, -24, 8863, 656, 1, 0, 0
2017-10-18T10:02:06, 60:01:94:82:80:53, -34, 1371, 1024, 1, 0, 1
2017-10-18T10:02:06, 60:01:94:82:81:3F, -30, 2148, 1024, 0, 0, 1
2017-10-18T10:02:06, 60:01:94:82:80:60, -32, 8789, 664, 1, 0, 0
2017-10-18T10:02:07, 60:01:94:82:7E:C9, -40, 8852, 666, 1, 0, 0
2017-10-18T10:02:07, 60:01:94:82:80:39, -35, 2176, 1024, 1, 0, 1
2017-10-18T10:02:07, 60:01:94:82:85:6B, -35, 8862, 660, 1, 0, 0
2017-10-18T10:02:07, 60:01:94:82:81:AB, -28, 8804, 687, 1, 0, 0
2017-10-18T10:02:07, 60:01:94:82:80:6B, -30, 8789, 670, 1, 0, 0
2017-10-18T10:02:07, 60:01:94:82:81:75, -38, 2179, 1024, 1, 0, 1
2017-10-18T10:02:07, 60:01:94:82:80:9B, -32, 8836, 652, 1, 0, 0
2017-10-18T10:02:07, 60:01:94:82:7E:42, -27, 8802, 652, 1, 0, 0
2017-10-18T10:02:07, 60:01:94:82:81:C6, -33, 8781, 658, 1, 0, 0
2017-10-18T10:02:07, 60:01:94:82:81:D5, -36, 8884, 660, 1, 0, 0
2017-10-18T10:02:07, 60:01:94:82:81:A4, -24, 8859, 662, 1, 0, 0
2017-10-18T10:02:07, 60:01:94:82:80:53, -34, 1372, 1024, 1, 0, 1
2017-10-18T10:02:07, 60:01:94:82:7F:A4, -35, 8778, 658, 1, 0, 0
2017-10-18T10:02:07, 60:01:94:82:81:7A, -31, 8755, 669, 1, 0, 0
2017-10-18T10:02:07, 60:01:94:82:7E:A6, -34, 6092, 644, 1, 0, 0
2017-10-18T10:02:07, 60:01:94:82:81:3F, -29, 2149, 1024, 1, 0, 1
2017-10-18T10:02:07, 60:01:94:82:7E:2F, -31, 8851, 670, 1, 0, 0
2017-10-18T10:02:07, 60:01:94:82:80:3E, -28, 8809, 671, 1, 0, 0
2017-10-18T10:02:07, 60:01:94:82:81:B1, -31, 8784, 644, 1, 0, 0
2017-10-18T10:02:08, 60:01:94:82:81:50, -30, 8804, 671, 1, 0, 0
2017-10-18T10:02:08, 60:01:94:82:80:39, -30, 2177, 1024, 1, 0, 1
2017-10-18T10:02:08, 60:01:94:82:7E:CE, -26, 8882, 652, 1, 0, 0
2017-10-18T10:02:08, 60:01:94:82:81:F2, -27, 8804, 674, 1, 0, 0
2017-10-18T10:02:08, 60:01:94:82:7E:A3, -29, 8800, 682, 1, 0, 0
2017-10-18T10:02:08, 60:01:94:82:80:B6, -33, 8819, 668, 1, 0, 0
2017-10-18T10:02:08, 60:01:94:82:80:19, -29, 8768, 653, 1, 0, 0
2017-10-18T10:02:08, 60:01:94:82:7F:62, -32, 8808, 668, 1, 0, 0
2017-10-18T10:02:08, 60:01:94:82:7F:B8, -29, 8755, 656, 1, 0, 0
2017-10-18T10:02:08, 60:01:94:82:80:C2, -26, 8771, 657, 1, 0, 0
2017-10-18T10:02:08, 60:01:94:82:81:75, -32, 2180, 1024, 1, 0, 1
2017-10-18T10:02:08, 60:01:94:82:7E:30, -29, 8835, 677, 1, 0, 0
2017-10-18T10:02:08, 60:01:94:82:80:AA, -30, 8705, 657, 1, 0, 0
2017-10-18T10:02:08, 60:01:94:82:81:B0, -36, 8802, 671, 1, 0, 0
2017-10-18T10:02:08, 60:01:94:82:80:53, -34, 1373, 1024, 1, 0, 1
2017-10-18T10:02:08, 60:01:94:82:7E:D0, -31, 8767, 649, 1, 0, 0
2017-10-18T10:02:08, 60:01:94:82:81:8A, -30, 8869, 685, 1, 0, 0
2017-10-18T10:02:08, 60:01:94:82:7E:FE, -35, 8848, 654, 1, 0, 0
2017-10-18T10:02:08, 60:01:94:82:81:3F, -28, 2150, 1024, 1, 0, 1
2017-10-18T10:02:08, 60:01:94:82:81:63, -36, 8823, 668, 1, 0, 0
2017-10-18T10:02:09, 60:01:94:82:7F:DF, -36, 8776, 678, 1, 0, 0
2017-10-18T10:02:09, 60:01:94:82:80:39, -29, 2178, 1024, 1, 0, 1
2017-10-18T10:02:09, 60:01:94:82:80:37, -27, 8746, 675, 1, 0, 0
2017-10-18T10:02:09, 60:01:94:82:7E:5D, -38, 8760, 671, 1, 0, 0
2017-10-18T10:02:09, 60:01:94:82:7E:C3, -36, 8780, 683, 1, 0, 0
2017-10-18T10:02:09, 60:01:94:82:7E:61, -35, 8825, 669, 1, 0, 0
2017-10-18T10:02:09, 60:01:94:82:81:75, -30, 2181, 1024, 1, 0, 1
2017-10-18T10:02:09, 60:01:94:82:7F:90, -32, 8758, 671, 1, 0, 0
2017-10-18T10:02:09, 60:01:94:82:80:61, -26, 8792, 651, 1, 0, 0
2017-10-18T10:02:09, 60:01:94:82:81:53, -26, 8716, 669, 1, 0, 0
2017-10-18T10:02:09, 60:01:94:82:80:53, -35, 1374, 1024, 1, 0, 1
2017-10-18T10:02:09, 60:01:94:82:7E:AE, -23, 8749, 675, 1, 0, 0
2017-10-18T10:02:09, 60:01:94:82:80:6F, -34, 8803, 664, 1, 0, 0
2017-10-18T10:02:09, 60:01:94:82:80:BA, -28, 8755, 662, 1, 0, 0
2017-10-18T10:02:09, 60:01:94:82:85:6F, -34, 8847, 669, 1, 0, 0
2017-10-18T10:02:09, 60:01:94:82:81:3F, -27, 2151, 1024, 1, 0, 1
2017-10-18T10:02:09, 60:01:94:82:80:A4, -30, 8800, 675, 1, 0, 0
2017-10-18T10:02:09, 60:01:94:82:80:D3, -32, 8885, 659, 1, 0, 0
2017-10-18T10:02:10, 60:01:94:82:7F:17, -30, 8835, 665, 1, 0, 0
2017-10-18T10:02:10, 60:01:94:82:80:39, -29, 2179, 1024, 1, 0, 1
2017-10-18T10:02:10, 60:01:94:82:7E:53, -34, 8725, 661, 1, 0, 0
2017-10-18T10:02:10, 60:01:94:82:7E:AF, -29, 8726, 668, 1, 0, 0
2017-10-18T10:02:10, 60:01:94:82:81:1F, -34, 8806, 653, 1, 0, 0
2017-10-18T10:02:10, 60:01:94:82:7F:D2, -30, 8742, 666, 1, 0, 0
2017-10-18T10:02:10, 60:01:94:82:7E:92, -33, 8747, 678, 1, 0, 0
2017-10-18T10:02:10, 60:01:94:82:81:75, -29, 2182, 1024, 1, 0, 1
2017-10-18T10:02:10, 60:01:94:82:7F:01, -26, 8837, 673, 1, 0, 0
2017-10-18T10:02:10, 60:01:94:82:7E:35, -30, 8753, 687, 1, 0, 0
2017-10-18T10:02:10, 60:01:94:82:80:3B, -34, 8791, 643, 1, 0, 0
2017-10-18T10:02:10, 60:01:94:82:80:53, -35, 1375, 1024, 1, 0, 1
2017-10-18T10:02:10, 60:01:94:82:81:96, -31, 8837, 662, 1, 0, 0
2017-10-18T10:02:10, 60:01:94:82:81:3F, -27, 2152, 1024, 1, 0, 1
2017-10-18T10:02:11, 60:01:94:82:81:88, -36, 8801, 670, 1, 0, 0
2017-10-18T10:02:11, 60:01:94:82:80:39, -29, 2180, 1024, 1, 0, 1
2017-10-18T10:02:11, 60:01:94:82:81:C9, -30, 8817, 669, 1, 0, 0
2017-10-18T10:02:11, 60:01:94:82:7F:5A, -36, 8759, 661, 1, 0, 0
2017-10-18T10:02:11, 60:01:94:82:81:75, -29, 2183, 1024, 1, 0, 1
2017-10-18T10:02:11, 60:01:94:82:80:53, -35, 1376, 1024, 1, 0, 1
2017-10-18T10:02:11, 60:01:94:82:7F:98, -35, 8675, 661, 1, 0, 0
2017-10-18T10:02:11, 60:01:94:82:81:3F, -27, 2153, 1024, 1, 0, 1
2017-10-18T10:02:11, 60:01:94:82:7F:A8, -30, 8818, 669, 1, 0, 0
2017-10-18T10:02:12, 60:01:94:82:80:39, -29, 2181, 1024, 1, 0, 1
2017-10-18T10:02:12, 60:01:94:82:7E:A5, -29, 8813, 678, 1, 0, 0
2017-10-18T10:02:12, 60:01:94:82:81:75, -29, 2184, 1024, 1, 0, 1
2017-10-18T10:02:12, 60:01:94:82:80:53, -35, 1377, 1024, 1, 0, 1
2017-10-18T10:02:12, 60:01:94:82:7F:37, -37, 8784, 662, 1, 0, 0
2017-10-18T10:02:12, 60:01:94:82:80:86, -42, 8768, 670, 1, 0, 0
2017-10-18T10:02:12, 60:01:94:82:81:3F, -27, 2154, 1024, 1, 0, 1
2017-10-18T10:02:13, 60:01:94:82:81:67, -26, 8861, 658, 1, 0, 0
2017-10-18T10:02:13, 60:01:94:82:80:39, -29, 2182, 1024, 1, 0, 1
2017-10-18T10:02:13, 60:01:94:82:81:42, -32, 8784, 652, 1, 0, 0
2017-10-18T10:02:13, 60:01:94:82:85:4F, -31, 8769, 661, 1, 0, 0
2017-10-18T10:02:13, 60:01:94:82:81:75, -31, 2185, 1024, 1, 0, 1
2017-10-18T10:02:13, 60:01:94:82:80:53, -38, 1378, 1024, 1, 0, 1
2017-10-18T10:02:13, 60:01:94:82:7F:FC, -38, 8890, 667, 1, 0, 0
2017-10-18T10:02:13, 60:01:94:82:81:3F, -33, 2155, 1024, 1, 0, 1
2017-10-18T10:02:13, 60:01:94:82:81:55, -38, 8873, 658, 1, 0, 0
2017-10-18T10:02:14, 60:01:94:82:80:39, -27, 2183, 1024, 1, 0, 1
2017-10-18T10:02:14, 60:01:94:82:85:67, -30, 8821, 673, 1, 0, 0
2017-10-18T10:02:14, 60:01:94:82:7F:3B, -31, 8725, 658, 1, 0, 0
2017-10-18T10:02:14, 60:01:94:82:7E:F2, -35, 8891, 648, 1, 0, 0
2017-10-18T10:02:14, 60:01:94:82:80:B8, -33, 8824, 660, 1, 0, 0
2017-10-18T10:02:14, 60:01:94:82:85:7C, -24, 8853, 648, 1, 0, 0
2017-10-18T10:02:14, 60:01:94:82:85:76, -30, 8776, 667, 1, 0, 0
2017-10-18T10:02:14, 60:01:94:82:81:87, -30, 8883, 654, 1, 0, 0
2017-10-18T10:02:14, 60:01:94:82:7E:38, -35, 8744, 657, 1, 0, 0
2017-10-18T10:02:14, 60:01:94:82:81:75, -31, 2186, 1024, 1, 0, 1
2017-10-18T10:02:14, 60:01:94:82:81:D3, -32, 8885, 660, 1, 0, 0
2017-10-18T10:02:14, 60:01:94:82:7F:57, -37, 8789, 671, 1, 0, 0
2017-10-18T10:02:14, 60:01:94:82:81:75 BUTTONPRESS IPADDRESS 192.168.120.32
2017-10-18T10:02:14, 60:01:94:82:85:46, -28, 8834, 666, 1, 0, 0
2017-10-18T10:02:14, 60:01:94:82:85:51, -29, 8784, 666, 1, 0, 0
2017-10-18T10:02:14, 60:01:94:82:81:75 BUTTONPRESS IPADDRESS 192.168.120.32
2017-10-18T10:02:14, 60:01:94:82:7E:E5, -29, 8785, 662, 1, 0, 0
2017-10-18T10:02:14, 60:01:94:82:80:53, -36, 1379, 1024, 1, 0, 1
2017-10-18T10:02:14, 60:01:94:82:81:75 BUTTONPRESS IPADDRESS 192.168.120.32
2017-10-18T10:02:14, 60:01:94:82:81:D0, -33, 8821, 662, 1, 0, 0
2017-10-18T10:02:14, 60:01:94:82:81:75 BUTTONPRESS IPADDRESS 192.168.120.32
2017-10-18T10:02:14, 60:01:94:82:81:05, -29, 8745, 666, 1, 0, 0
2017-10-18T10:02:14, 60:01:94:82:81:3F, -36, 2156, 1024, 1, 0, 1
2017-10-18T10:02:14, 60:01:94:82:81:75 BUTTONPRESS IPADDRESS 192.168.120.32
2017-10-18T10:02:14, 60:01:94:82:7F:FD, -33, 8788, 667, 1, 0, 0
2017-10-18T10:02:15, 60:01:94:82:81:9E, -37, 8803, 670, 1, 0, 0
2017-10-18T10:02:15, 60:01:94:82:7F:DB, -34, 8756, 673, 1, 0, 0
2017-10-18T10:02:15, 60:01:94:82:81:75 BUTTONPRESS IPADDRESS 192.168.120.32
2017-10-18T10:02:15, 60:01:94:82:80:1B, -33, 8808, 657, 1, 0, 0
2017-10-18T10:02:15, 60:01:94:82:7E:F4, -28, 8789, 659, 1, 0, 0
2017-10-18T10:02:15, 60:01:94:82:80:39, -25, 2184, 1024, 1, 0, 1
2017-10-18T10:02:15, 60:01:94:82:85:3D, -34, 8784, 662, 1, 0, 0
2017-10-18T10:02:15, 60:01:94:82:85:87, -32, 8759, 661, 1, 0, 0
2017-10-18T10:02:15, 60:01:94:82:80:06, -39, 8798, 685, 1, 0, 0
2017-10-18T10:02:15, 60:01:94:82:81:75 BUTTONPRESS IPADDRESS 192.168.120.32
2017-10-18T10:02:15, 60:01:94:82:7E:1A, -28, 8763, 668, 1, 0, 0
2017-10-18T10:02:15, 60:01:94:82:81:FE, -34, 8809, 667, 1, 0, 0
2017-10-18T10:02:15, 60:01:94:82:80:A1, -35, 8748, 652, 1, 0, 0
2017-10-18T10:02:15, 60:01:94:82:81:75, -31, 2187, 1024, 1, 0, 1
2017-10-18T10:02:15, 60:01:94:82:7F:10, -36, 8771, 667, 1, 0, 0
2017-10-18T10:02:15, 60:01:94:82:81:52, -28, 8751, 660, 1, 0, 0
2017-10-18T10:02:15, 60:01:94:82:7F:23, -29, 8756, 670, 1, 0, 0
2017-10-18T10:02:15, 60:01:94:82:80:C6, -32, 8781, 668, 1, 0, 0
2017-10-18T10:02:15, 60:01:94:82:80:53, -35, 1380, 1024, 1, 0, 1
2017-10-18T10:02:15, 60:01:94:82:81:FF, -30, 8808, 654, 1, 0, 0
2017-10-18T10:02:15, 60:01:94:82:80:7C, -37, 8819, 670, 1, 0, 0
2017-10-18T10:02:15, 60:01:94:82:80:87, -29, 8796, 651, 1, 0, 0
2017-10-18T10:02:15, 60:01:94:82:81:61, -37, 8791, 667, 1, 0, 0
2017-10-18T10:02:15, 60:01:94:82:81:3F, -37, 2157, 1024, 1, 0, 1
2017-10-18T10:02:15, 60:01:94:82:7F:0A, -32, 8787, 670, 1, 0, 0
2017-10-18T10:02:15, 60:01:94:82:7E:54, -26, 8781, 666, 1, 0, 0
2017-10-18T10:02:16, 60:01:94:82:7F:C1, -36, 8858, 660, 1, 0, 0
2017-10-18T10:02:16, 60:01:94:82:80:BD, -30, 8740, 666, 1, 0, 0
2017-10-18T10:02:16, 60:01:94:82:80:39, -27, 2185, 1024, 1, 0, 1
2017-10-18T10:02:16, 60:01:94:82:7F:54, -47, 5906, 666, 1, 0, 0
2017-10-18T10:02:16, 60:01:94:82:80:62, -31, 8856, 635, 1, 0, 0
2017-10-18T10:02:16, 60:01:94:82:81:7D, -32, 8864, 679, 1, 0, 0
2017-10-18T10:02:16, 60:01:94:82:81:DA, -33, 8875, 665, 1, 0, 0
2017-10-18T10:02:16, 60:01:94:82:7F:C7, -35, 8817, 665, 1, 0, 0
2017-10-18T10:02:16, 60:01:94:82:80:90, -32, 8871, 683, 1, 0, 0
2017-10-18T10:02:16, 60:01:94:82:7F:CD, -30, 8776, 683, 1, 0, 0
2017-10-18T10:02:16, 60:01:94:82:7F:55, -30, 8806, 643, 1, 0, 0
2017-10-18T10:02:16, 60:01:94:82:85:84, -31, 8851, 667, 1, 0, 0
2017-10-18T10:02:16, 60:01:94:82:81:29, -26, 8785, 669, 1, 0, 0
2017-10-18T10:02:16, 60:01:94:82:7E:1F, -30, 8727, 669, 1, 0, 0
2017-10-18T10:02:16, 60:01:94:82:81:75, -32, 2188, 1024, 1, 0, 1
2017-10-18T10:02:16, 60:01:94:82:85:49, -41, 8868, 667, 1, 0, 0
2017-10-18T10:02:16, 60:01:94:82:81:51, -38, 8864, 660, 1, 0, 0
2017-10-18T10:02:16, 60:01:94:82:80:53, -36, 1381, 1024, 1, 0, 1
2017-10-18T10:02:16, 60:01:94:82:80:39 BUTTONPRESS IPADDRESS 192.168.120.56
2017-10-18T10:02:16, 60:01:94:82:80:39 BUTTONPRESS IPADDRESS 192.168.120.56
2017-10-18T10:02:16, 60:01:94:82:81:3F, -36, 2158, 1024, 1, 0, 1
2017-10-18T10:02:16, 60:01:94:82:80:60, -40, 8790, 662, 1, 0, 0
2017-10-18T10:02:17, 60:01:94:82:80:39 BUTTONPRESS IPADDRESS 192.168.120.56
2017-10-18T10:02:17, 60:01:94:82:7E:C9, -35, 8853, 666, 1, 0, 0
2017-10-18T10:02:17, 60:01:94:82:85:6B, -31, 8863, 660, 1, 0, 0
2017-10-18T10:02:17, 60:01:94:82:80:39, -28, 2186, 1024, 1, 0, 1
2017-10-18T10:02:17, 60:01:94:82:81:AB, -30, 8805, 686, 1, 0, 0
2017-10-18T10:02:17, 60:01:94:82:80:39 BUTTONPRESS IPADDRESS 192.168.120.56
2017-10-18T10:02:17, 60:01:94:82:80:6B, -31, 8790, 670, 1, 0, 0
2017-10-18T10:02:17, 60:01:94:82:80:39 BUTTONPRESS IPADDRESS 192.168.120.56
2017-10-18T10:02:17, 60:01:94:82:80:39 BUTTONPRESS IPADDRESS 192.168.120.56
2017-10-18T10:02:17, 60:01:94:82:7E:42, -33, 8803, 657, 1, 0, 0
2017-10-18T10:02:17, 60:01:94:82:80:9B, -29, 8837, 657, 1, 0, 0
2017-10-18T10:02:17, 60:01:94:82:81:75, -32, 2189, 1024, 1, 0, 1
2017-10-18T10:02:17, 60:01:94:82:81:C6, -34, 8782, 658, 1, 0, 0
2017-10-18T10:02:17, 60:01:94:82:81:D5, -32, 8885, 667, 1, 0, 0
2017-10-18T10:02:17, 60:01:94:82:80:39 BUTTONPRESS IPADDRESS 192.168.120.56
2017-10-18T10:02:17, 60:01:94:82:81:A4, -39, 8860, 657, 1, 0, 0
2017-10-18T10:02:17, 60:01:94:82:80:39 BUTTONPRESS IPADDRESS 192.168.120.56
2017-10-18T10:02:17, 60:01:94:82:80:53, -36, 1382, 1024, 1, 0, 1
2017-10-18T10:02:17, 60:01:94:82:80:39 BUTTONPRESS IPADDRESS 192.168.120.56
2017-10-18T10:02:17, 60:01:94:82:7F:A4, -29, 8779, 658, 1, 0, 0
2017-10-18T10:02:17, 60:01:94:82:80:39 BUTTONPRESS IPADDRESS 192.168.120.56
2017-10-18T10:02:17, 60:01:94:82:81:7A, -35, 8756, 669, 1, 0, 0
2017-10-18T10:02:17, 60:01:94:82:7E:A6, -29, 6093, 644, 1, 0, 0
2017-10-18T10:02:17, 60:01:94:82:81:3F, -36, 2159, 1024, 1, 0, 1
2017-10-18T10:02:17, 60:01:94:82:7E:2F, -28, 8852, 670, 1, 0, 0
2017-10-18T10:02:17, 60:01:94:82:80:39 BUTTONPRESS IPADDRESS 192.168.120.56
2017-10-18T10:02:17, 60:01:94:82:80:3E, -31, 8810, 671, 1, 0, 0
2017-10-18T10:02:17, 60:01:94:82:81:B1, -33, 8785, 644, 1, 0, 0
2017-10-18T10:02:18, 60:01:94:82:81:50, -30, 8805, 671, 1, 0, 0
2017-10-18T10:02:18, 60:01:94:82:7E:CE, -35, 8883, 651, 1, 0, 0
2017-10-18T10:02:18, 60:01:94:82:80:39, -28, 2187, 1024, 1, 0, 1
2017-10-18T10:02:18, 60:01:94:82:81:F2, -34, 8805, 674, 1, 0, 0
2017-10-18T10:02:18, 60:01:94:82:7E:A3, -35, 8801, 682, 1, 0, 0
2017-10-18T10:02:18, 60:01:94:82:80:B6, -27, 8820, 668, 1, 0, 0
2017-10-18T10:02:18, 60:01:94:82:80:19, -34, 8769, 653, 1, 0, 0
2017-10-18T10:02:18, 60:01:94:82:7F:62, -33, 8809, 668, 1, 0, 0
2017-10-18T10:02:18, 60:01:94:82:7F:B8, -25, 8756, 660, 1, 0, 0
2017-10-18T10:02:18, 60:01:94:82:80:C2, -29, 8772, 657, 1, 0, 0
2017-10-18T10:02:18, 60:01:94:82:81:75, -32, 2190, 1024, 1, 0, 1
2017-10-18T10:02:18, 60:01:94:82:7E:30, -40, 8836, 676, 1, 0, 0
2017-10-18T10:02:18, 60:01:94:82:80:AA, -39, 8706, 657, 1, 0, 0
2017-10-18T10:02:18, 60:01:94:82:81:B0, -34, 8803, 671, 1, 0, 0
2017-10-18T10:02:18, 60:01:94:82:7E:D0, -31, 8768, 649, 1, 0, 0
2017-10-18T10:02:18, 60:01:94:82:80:53, -37, 1383, 1024, 1, 0, 1
2017-10-18T10:02:18, 60:01:94:82:81:8A, -31, 8870, 685, 1, 0, 0
2017-10-18T10:02:18, 60:01:94:82:7E:FE, -35, 8849, 650, 1, 0, 0
2017-10-18T10:02:18, 60:01:94:82:81:3F, -34, 2160, 1024, 1, 0, 1
2017-10-18T10:02:18, 60:01:94:82:81:63, -36, 8824, 667, 1, 0, 0
2017-10-18T10:02:19, 60:01:94:82:7F:DF, -35, 8777, 678, 1, 0, 0
2017-10-18T10:02:19, 60:01:94:82:80:37, -38, 8747, 674, 1, 0, 0
2017-10-18T10:02:19, 60:01:94:82:80:39, -30, 2188, 1024, 1, 0, 1
2017-10-18T10:02:19, 60:01:94:82:7E:5D, -37, 8761, 671, 1, 0, 0
2017-10-18T10:02:19, 60:01:94:82:7E:C3, -36, 8781, 682, 1, 0, 0
2017-10-18T10:02:19, 60:01:94:82:7E:61, -26, 8826, 669, 1, 0, 0
2017-10-18T10:02:19, 60:01:94:82:7F:90, -38, 8759, 671, 1, 0, 0
2017-10-18T10:02:19, 60:01:94:82:81:75, -33, 2191, 1024, 1, 0, 1
2017-10-18T10:02:19, 60:01:94:82:80:61, -37, 8793, 651, 1, 0, 0
2017-10-18T10:02:19, 60:01:94:82:81:53, -30, 8717, 668, 1, 0, 0
2017-10-18T10:02:19, 60:01:94:82:7E:AE, -32, 8750, 674, 1, 0, 0
2017-10-18T10:02:19, 60:01:94:82:80:6F, -25, 8804, 659, 1, 0, 0
2017-10-18T10:02:19, 60:01:94:82:80:53, -37, 1384, 1024, 1, 0, 1
2017-10-18T10:02:19, 60:01:94:82:80:BA, -36, 8756, 661, 1, 0, 0
2017-10-18T10:02:19, 60:01:94:82:85:6F, -29, 8848, 669, 1, 0, 0
2017-10-18T10:02:19, 60:01:94:82:80:A4, -37, 8801, 675, 1, 0, 0
2017-10-18T10:02:19, 60:01:94:82:81:3F, -31, 2161, 1024, 1, 0, 1
2017-10-18T10:02:20, 60:01:94:82:80:D3, -30, 8886, 658, 1, 0, 0
2017-10-18T10:02:20, 60:01:94:82:81:3F BUTTONPRESS IPADDRESS 192.168.120.128
2017-10-18T10:02:20, 60:01:94:82:7F:17, -35, 8836, 658, 1, 0, 0
2017-10-18T10:02:20, 60:01:94:82:81:3F BUTTONPRESS IPADDRESS 192.168.120.128
2017-10-18T10:02:20, 60:01:94:82:7E:53, -34, 8726, 660, 1, 0, 0
2017-10-18T10:02:20, 60:01:94:82:80:39, -30, 2189, 1024, 1, 0, 1
2017-10-18T10:02:20, 60:01:94:82:7E:AF, -32, 8727, 668, 1, 0, 0
2017-10-18T10:02:20, 60:01:94:82:81:1F, -31, 8807, 653, 1, 0, 0
2017-10-18T10:02:20, 60:01:94:82:81:3F BUTTONPRESS IPADDRESS 192.168.120.128
2017-10-18T10:02:20, 60:01:94:82:7F:D2, -37, 8743, 666, 1, 0, 0
2017-10-18T10:02:20, 60:01:94:82:81:3F BUTTONPRESS IPADDRESS 192.168.120.128
2017-10-18T10:02:20, 60:01:94:82:7E:92, -42, 8748, 678, 1, 0, 0
2017-10-18T10:02:20, 60:01:94:82:81:3F BUTTONPRESS IPADDRESS 192.168.120.128
2017-10-18T10:02:20, 60:01:94:82:81:75, -33, 2192, 1024, 1, 0, 1
2017-10-18T10:02:20, 60:01:94:82:7F:01, -41, 8838, 673, 1, 0, 0
2017-10-18T10:02:20, 60:01:94:82:81:3F BUTTONPRESS IPADDRESS 192.168.120.128
2017-10-18T10:02:20, 60:01:94:82:81:3F BUTTONPRESS IPADDRESS 192.168.120.128
2017-10-18T10:02:20, 60:01:94:82:7E:35, -26, 8754, 686, 1, 0, 0
2017-10-18T10:02:20, 60:01:94:82:80:3B, -31, 8792, 643, 1, 0, 0
2017-10-18T10:02:20, 60:01:94:82:81:96, -34, 8838, 662, 1, 0, 0
2017-10-18T10:02:20, 60:01:94:82:80:53, -38, 1385, 1024, 1, 0, 1
2017-10-18T10:02:20, 60:01:94:82:81:3F BUTTONPRESS IPADDRESS 192.168.120.128
2017-10-18T10:02:20, 60:01:94:82:81:3F BUTTONPRESS IPADDRESS 192.168.120.128
2017-10-18T10:02:20, 60:01:94:82:81:3F, -31, 2162, 1024, 1, 0, 1
2017-10-18T10:02:21, 60:01:94:82:81:88, -32, 8802, 670, 1, 0, 0
2017-10-18T10:02:21, 60:01:94:82:81:3F BUTTONPRESS IPADDRESS 192.168.120.128
2017-10-18T10:02:21, 60:01:94:82:81:3F BUTTONPRESS IPADDRESS 192.168.120.128
2017-10-18T10:02:21, 60:01:94:82:80:39, -30, 2190, 1024, 1, 0, 1
2017-10-18T10:02:21, 60:01:94:82:81:C9, -33, 8818, 665, 1, 0, 0
2017-10-18T10:02:21, 60:01:94:82:7F:5A, -37, 8760, 661, 1, 0, 0
2017-10-18T10:02:21, 60:01:94:82:81:75, -34, 2193, 1024, 1, 0, 1
2017-10-18T10:02:21, 60:01:94:82:80:53, -39, 1386, 1024, 1, 0, 1
2017-10-18T10:02:21, 60:01:94:82:7F:98, -25, 8676, 661, 1, 0, 0
2017-10-18T10:02:21, 60:01:94:82:81:3F, -32, 2163, 1024, 1, 0, 1
2017-10-18T10:02:22, 60:01:94:82:7F:A8, -36, 8819, 669, 1, 0, 0
2017-10-18T10:02:22, 60:01:94:82:80:39, -28, 2191, 1024, 1, 0, 1
2017-10-18T10:02:22, 60:01:94:82:7E:A5, -33, 8814, 678, 1, 0, 0
2017-10-18T10:02:22, 60:01:94:82:81:75, -32, 2194, 1024, 1, 0, 1
2017-10-18T10:02:22, 60:01:94:82:80:53, -38, 1387, 1024, 1, 0, 1
2017-10-18T10:02:22, 60:01:94:82:7F:37, -31, 8785, 662, 1, 0, 0
2017-10-18T10:02:22, 60:01:94:82:80:86, -32, 8769, 670, 1, 0, 0
2017-10-18T10:02:22, 60:01:94:82:81:3F, -32, 2164, 1024, 1, 0, 1
2017-10-18T10:02:23, 60:01:94:82:81:67, -30, 8862, 658, 1, 0, 0
2017-10-18T10:02:23, 60:01:94:82:80:39, -26, 2192, 1024, 1, 0, 1
2017-10-18T10:02:23, 60:01:94:82:81:42, -32, 8785, 651, 1, 0, 0
2017-10-18T10:02:23, 60:01:94:82:85:4F, -33, 8770, 666, 1, 0, 0
2017-10-18T10:02:23, 60:01:94:82:81:75, -32, 2195, 1024, 1, 0, 1
2017-10-18T10:02:23, 60:01:94:82:80:53, -35, 1388, 1024, 1, 0, 1
2017-10-18T10:02:23, 60:01:94:82:7F:FC, -37, 8891, 667, 1, 0, 0
2017-10-18T10:02:23, 60:01:94:82:80:53 BUTTONPRESS IPADDRESS 192.168.120.82
2017-10-18T10:02:23, 60:01:94:82:81:55, -37, 8874, 658, 1, 0, 0
2017-10-18T10:02:23, 60:01:94:82:80:53 BUTTONPRESS IPADDRESS 192.168.120.82
2017-10-18T10:02:23, 60:01:94:82:81:3F, -31, 2165, 1024, 1, 0, 1
2017-10-18T10:02:24, 60:01:94:82:80:53 BUTTONPRESS IPADDRESS 192.168.120.82
2017-10-18T10:02:24, 60:01:94:82:85:67, -30, 8822, 673, 1, 0, 0
2017-10-18T10:02:24, 60:01:94:82:7F:3B, -33, 8726, 658, 1, 0, 0
2017-10-18T10:02:24, 60:01:94:82:80:53 BUTTONPRESS IPADDRESS 192.168.120.82
2017-10-18T10:02:24, 60:01:94:82:80:39, -26, 2193, 1024, 1, 0, 1
2017-10-18T10:02:24, 60:01:94:82:7E:F2, -34, 8892, 659, 1, 0, 0
2017-10-18T10:02:24, 60:01:94:82:80:B8, -36, 8825, 661, 1, 0, 0
2017-10-18T10:02:24, 60:01:94:82:85:7C, -23, 8854, 653, 1, 0, 0
2017-10-18T10:02:24, 60:01:94:82:80:53 BUTTONPRESS IPADDRESS 192.168.120.82
2017-10-18T10:02:24, 60:01:94:82:81:87, -31, 8884, 654, 1, 0, 0
2017-10-18T10:02:24, 60:01:94:82:85:76, -30, 8777, 667, 1, 0, 0
2017-10-18T10:02:24, 60:01:94:82:7E:38, -34, 8745, 657, 1, 0, 0
2017-10-18T10:02:24, 60:01:94:82:80:53 BUTTONPRESS IPADDRESS 192.168.120.82
2017-10-18T10:02:24, 60:01:94:82:80:53 BUTTONPRESS IPADDRESS 192.168.120.82
2017-10-18T10:02:24, 60:01:94:82:81:75, -32, 2196, 1024, 1, 0, 1
2017-10-18T10:02:24, 60:01:94:82:81:D3, -31, 8886, 665, 1, 0, 0
2017-10-18T10:02:24, 60:01:94:82:7F:57, -38, 8790, 671, 1, 0, 0
2017-10-18T10:02:24, 60:01:94:82:80:53 BUTTONPRESS IPADDRESS 192.168.120.82
2017-10-18T10:02:24, 60:01:94:82:85:46, -28, 8835, 666, 1, 0, 0
2017-10-18T10:02:24, 60:01:94:82:85:51, -28, 8785, 666, 1, 0, 0
2017-10-18T10:02:24, 60:01:94:82:80:53 BUTTONPRESS IPADDRESS 192.168.120.82
2017-10-18T10:02:24, 60:01:94:82:7E:E5, -34, 8786, 662, 1, 0, 0
2017-10-18T10:02:24, 60:01:94:82:81:D0, -33, 8822, 663, 1, 0, 0
2017-10-18T10:02:24, 60:01:94:82:80:53, -37, 1389, 1024, 1, 0, 1
2017-10-18T10:02:24, 60:01:94:82:80:53 BUTTONPRESS IPADDRESS 192.168.120.82
2017-10-18T10:02:24, 60:01:94:82:81:05, -29, 8746, 666, 1, 0, 0
2017-10-18T10:02:24, 60:01:94:82:7F:FD, -33, 8789, 667, 1, 0, 0
2017-10-18T10:02:24, 60:01:94:82:81:3F, -32, 2166, 1024, 1, 0, 1
2017-10-18T10:02:24, 60:01:94:82:80:53 BUTTONPRESS IPADDRESS 192.168.120.82
2017-10-18T10:02:25, 60:01:94:82:81:9E, -37, 8804, 670, 1, 0, 0
2017-10-18T10:02:25, 60:01:94:82:7F:DB, -35, 8757, 673, 1, 0, 0
2017-10-18T10:02:25, 60:01:94:82:80:1B, -35, 8809, 657, 1, 0, 0
2017-10-18T10:02:25, 60:01:94:82:7E:F4, -28, 8790, 659, 1, 0, 0
2017-10-18T10:02:25, 60:01:94:82:85:3D, -34, 8785, 662, 1, 0, 0
2017-10-18T10:02:25, 60:01:94:82:85:87, -31, 8760, 666, 1, 0, 0
2017-10-18T10:02:25, 60:01:94:82:80:06, -39, 8799, 685, 1, 0, 0
2017-10-18T10:02:25, 60:01:94:82:80:39, -26, 2194, 1024, 1, 0, 1
2017-10-18T10:02:25, 60:01:94:82:7E:1A, -29, 8764, 668, 1, 0, 0
2017-10-18T10:02:25, 60:01:94:82:81:FE, -34, 8810, 667, 1, 0, 0
2017-10-18T10:02:25, 60:01:94:82:80:A1, -35, 8749, 653, 1, 0, 0
2017-10-18T10:02:25, 60:01:94:82:81:75, -32, 2197, 1024, 1, 0, 1
2017-10-18T10:02:25, 60:01:94:82:7F:10, -37, 8772, 668, 1, 0, 0
2017-10-18T10:02:25, 60:01:94:82:81:52, -30, 8752, 660, 1, 0, 0
2017-10-18T10:02:25, 60:01:94:82:7F:23, -30, 8757, 670, 1, 0, 0
2017-10-18T10:02:25, 60:01:94:82:80:C6, -31, 8782, 669, 1, 0, 0
2017-10-18T10:02:25, 60:01:94:82:80:53, -32, 1390, 1024, 1, 0, 1
2017-10-18T10:02:25, 60:01:94:82:81:FF, -32, 8809, 656, 1, 0, 0
2017-10-18T10:02:25, 60:01:94:82:80:7C, -37, 8820, 670, 1, 0, 0
2017-10-18T10:02:25, 60:01:94:82:80:87, -31, 8797, 651, 1, 0, 0
2017-10-18T10:02:25, 60:01:94:82:81:61, -40, 8792, 667, 1, 0, 0
2017-10-18T10:02:25, 60:01:94:82:7F:0A, -31, 8788, 670, 1, 0, 0
2017-10-18T10:02:25, 60:01:94:82:7E:54, -28, 8782, 666, 1, 0, 0
2017-10-18T10:02:25, 60:01:94:82:81:3F, -32, 2167, 1024, 1, 0, 1
2017-10-18T10:02:26, 60:01:94:82:7F:C1, -36, 8859, 660, 1, 0, 0
2017-10-18T10:02:26, 60:01:94:82:80:BD, -31, 8741, 666, 1, 0, 0
2017-10-18T10:02:26, 60:01:94:82:80:62, -34, 8857, 636, 1, 0, 0
2017-10-18T10:02:26, 60:01:94:82:7F:54, -36, 5907, 666, 1, 0, 0
2017-10-18T10:02:26, 60:01:94:82:80:39, -26, 2195, 1024, 1, 0, 1
2017-10-18T10:02:26, 60:01:94:82:81:7D, -31, 8865, 679, 1, 0, 0
2017-10-18T10:02:26, 60:01:94:82:81:DA, -34, 8876, 665, 1, 0, 0
2017-10-18T10:02:26, 60:01:94:82:7F:C7, -38, 8818, 665, 1, 0, 0
2017-10-18T10:02:26, 60:01:94:82:80:90, -32, 8872, 683, 1, 0, 0
2017-10-18T10:02:26, 60:01:94:82:7F:CD, -32, 8777, 683, 1, 0, 0
2017-10-18T10:02:26, 60:01:94:82:7F:55, -30, 8807, 644, 1, 0, 0
2017-10-18T10:02:26, 60:01:94:82:85:84, -31, 8852, 668, 1, 0, 0
2017-10-18T10:02:26, 60:01:94:82:81:29, -26, 8786, 673, 1, 0, 0
2017-10-18T10:02:26, 60:01:94:82:7E:1F, -32, 8728, 669, 1, 0, 0
2017-10-18T10:02:26, 60:01:94:82:81:75, -32, 2198, 1024, 1, 0, 1
2017-10-18T10:02:26, 60:01:94:82:85:49, -40, 8869, 667, 1, 0, 0
2017-10-18T10:02:26, 60:01:94:82:81:51, -39, 8865, 659, 1, 0, 0
2017-10-18T10:02:26, 60:01:94:82:80:53, -35, 1391, 1024, 1, 0, 1
2017-10-18T10:02:26, 60:01:94:82:80:60, -44, 8791, 662, 1, 0, 0
2017-10-18T10:02:26, 60:01:94:82:81:3F, -30, 2168, 1024, 1, 0, 1
2017-10-18T10:02:27, 60:01:94:82:7E:C9, -34, 8854, 666, 1, 0, 0
2017-10-18T10:02:27, 60:01:94:82:85:6B, -29, 8864, 660, 1, 0, 0
2017-10-18T10:02:27, 60:01:94:82:81:AB, -31, 8806, 686, 1, 0, 0
2017-10-18T10:02:27, 60:01:94:82:80:39, -28, 2196, 1024, 1, 0, 1
2017-10-18T10:02:27, 60:01:94:82:80:6B, -31, 8791, 669, 1, 0, 0
2017-10-18T10:02:27, 60:01:94:82:7E:42, -34, 8804, 657, 1, 0, 0
2017-10-18T10:02:27, 60:01:94:82:80:9B, -29, 8838, 657, 1, 0, 0
2017-10-18T10:02:27, 60:01:94:82:81:C6, -33, 8783, 658, 1, 0, 0
2017-10-18T10:02:27, 60:01:94:82:81:D5, -34, 8886, 667, 1, 0, 0
2017-10-18T10:02:27, 60:01:94:82:81:75, -30, 2199, 1024, 1, 0, 1
2017-10-18T10:02:27, 60:01:94:82:81:A4, -39, 8861, 661, 1, 0, 0
2017-10-18T10:02:27, 60:01:94:82:80:53, -35, 1392, 1024, 1, 0, 1
2017-10-18T10:02:27, 60:01:94:82:7F:A4, -28, 8780, 658, 1, 0, 0
2017-10-18T10:02:27, 60:01:94:82:81:7A, -36, 8757, 669, 1, 0, 0
2017-10-18T10:02:27, 60:01:94:82:7E:A6, -31, 6094, 644, 1, 0, 0
2017-10-18T10:02:27, 60:01:94:82:7E:2F, -29, 8853, 670, 1, 0, 0
2017-10-18T10:02:27, 60:01:94:82:81:3F, -30, 2169, 1024, 1, 0, 1
2017-10-18T10:02:28, 60:01:94:82:80:3E, -34, 8811, 671, 1, 0, 0
2017-10-18T10:02:28, 60:01:94:82:81:B1, -33, 8786, 644, 1, 0, 0
2017-10-18T10:02:28, 60:01:94:82:81:50, -31, 8806, 671, 1, 0, 0
2017-10-18T10:02:28, 60:01:94:82:7E:CE, -36, 8884, 651, 1, 0, 0
2017-10-18T10:02:28, 60:01:94:82:80:39, -28, 2197, 1024, 1, 0, 1
2017-10-18T10:02:28, 60:01:94:82:81:F2, -35, 8806, 673, 1, 0, 0
2017-10-18T10:02:28, 60:01:94:82:7E:A3, -36, 8802, 682, 1, 0, 0
2017-10-18T10:02:28, 60:01:94:82:80:B6, -29, 8821, 668, 1, 0, 0
2017-10-18T10:02:28, 60:01:94:82:80:19, -34, 8770, 653, 1, 0, 0
2017-10-18T10:02:28, 60:01:94:82:7F:62, -34, 8810, 667, 1, 0, 0
2017-10-18T10:02:28, 60:01:94:82:7F:B8, -26, 8757, 660, 1, 0, 0
2017-10-18T10:02:28, 60:01:94:82:80:C2, -29, 8773, 657, 1, 0, 0
2017-10-18T10:02:28, 60:01:94:82:81:75, -30, 2200, 1024, 1, 0, 1
2017-10-18T10:02:28, 60:01:94:82:7E:30, -41, 8837, 677, 1, 0, 0
2017-10-18T10:02:28, 60:01:94:82:80:AA, -37, 8707, 657, 1, 0, 0
2017-10-18T10:02:28, 60:01:94:82:81:B0, -34, 8804, 671, 1, 0, 0
2017-10-18T10:02:28, 60:01:94:82:7E:D0, -32, 8769, 649, 1, 0, 0
2017-10-18T10:02:28, 60:01:94:82:81:8A, -31, 8871, 684, 1, 0, 0
2017-10-18T10:02:28, 60:01:94:82:80:53, -37, 1393, 1024, 1, 0, 1
2017-10-18T10:02:28, 60:01:94:82:7E:FE, -34, 8850, 654, 1, 0, 0
2017-10-18T10:02:28, 60:01:94:82:81:63, -35, 8825, 668, 1, 0, 0
2017-10-18T10:02:28, 60:01:94:82:81:3F, -30, 2170, 1024, 1, 0, 1
2017-10-18T10:02:29, 60:01:94:82:7F:DF, -33, 8778, 678, 1, 0, 0
2017-10-18T10:02:29, 60:01:94:82:80:37, -37, 8748, 674, 1, 0, 0
2017-10-18T10:02:29, 60:01:94:82:7E:5D, -36, 8762, 670, 1, 0, 0
2017-10-18T10:02:29, 60:01:94:82:80:39, -28, 2198, 1024, 1, 0, 1
2017-10-18T10:02:29, 60:01:94:82:7E:C3, -38, 8782, 682, 1, 0, 0
2017-10-18T10:02:29, 60:01:94:82:7E:61, -28, 8827, 670, 1, 0, 0
2017-10-18T10:02:29, 60:01:94:82:7F:90, -36, 8760, 670, 1, 0, 0
2017-10-18T10:02:29, 60:01:94:82:81:75, -31, 2201, 1024, 1, 0, 1
2017-10-18T10:02:29, 60:01:94:82:80:61, -35, 8794, 651, 1, 0, 0
2017-10-18T10:02:29, 60:01:94:82:81:53, -30, 8718, 669, 1, 0, 0
2017-10-18T10:02:29, 60:01:94:82:7E:AE, -34, 8751, 674, 1, 0, 0
2017-10-18T10:02:29, 60:01:94:82:80:6F, -25, 8805, 662, 1, 0, 0
2017-10-18T10:02:29, 60:01:94:82:80:BA, -37, 8757, 661, 1, 0, 0
2017-10-18T10:02:29, 60:01:94:82:80:53, -36, 1394, 1024, 1, 0, 1
2017-10-18T10:02:29, 60:01:94:82:85:6F, -26, 8849, 669, 1, 0, 0
2017-10-18T10:02:29, 60:01:94:82:80:A4, -34, 8802, 675, 1, 0, 0
2017-10-18T10:02:29, 60:01:94:82:81:3F, -30, 2171, 1024, 1, 0, 1
2017-10-18T10:02:30, 60:01:94:82:80:D3, -28, 8887, 659, 1, 0, 0
2017-10-18T10:02:30, 60:01:94:82:7F:17, -36, 8837, 662, 1, 0, 0
2017-10-18T10:02:30, 60:01:94:82:7E:53, -34, 8727, 661, 1, 0, 0
2017-10-18T10:02:30, 60:01:94:82:7E:AF, -32, 8728, 662, 1, 0, 0
2017-10-18T10:02:30, 60:01:94:82:80:39, -27, 2199, 1024, 1, 0, 1
2017-10-18T10:02:30, 60:01:94:82:81:1F, -28, 8808, 653, 1, 0, 0
2017-10-18T10:02:30, 60:01:94:82:7F:D2, -38, 8744, 666, 1, 0, 0
2017-10-18T10:02:30, 60:01:94:82:7E:92, -37, 8749, 678, 1, 0, 0
2017-10-18T10:02:30, 60:01:94:82:7F:01, -38, 8839, 673, 1, 0, 0
2017-10-18T10:02:30, 60:01:94:82:81:75, -31, 2202, 1024, 1, 0, 1
2017-10-18T10:02:30, 60:01:94:82:7E:35, -26, 8755, 686, 1, 0, 0
2017-10-18T10:02:30, 60:01:94:82:80:3B, -33, 8793, 644, 1, 0, 0
2017-10-18T10:02:30, 60:01:94:82:81:96, -32, 8839, 662, 1, 0, 0
2017-10-18T10:02:30, 60:01:94:82:80:53, -36, 1395, 1024, 1, 0, 1
2017-10-18T10:02:31, 60:01:94:82:81:3F, -30, 2172, 1024, 1, 0, 1
2017-10-18T10:02:31, 60:01:94:82:81:88, -33, 8803, 670, 1, 0, 0
2017-10-18T10:02:31, 60:01:94:82:80:39, -27, 2200, 1024, 1, 0, 1
2017-10-18T10:02:31, 60:01:94:82:81:C9, -34, 8819, 669, 1, 0, 0
2017-10-18T10:02:31, 60:01:94:82:7F:5A, -35, 8761, 661, 1, 0, 0
2017-10-18T10:02:31, 60:01:94:82:81:75, -32, 2203, 1024, 1, 0, 1
2017-10-18T10:02:31, 60:01:94:82:7F:98, -25, 8677, 661, 1, 0, 0
2017-10-18T10:02:31, 60:01:94:82:80:53, -36, 1396, 1024, 1, 0, 1
2017-10-18T10:02:32, 60:01:94:82:81:3F, -30, 2173, 1024, 1, 0, 1
2017-10-18T10:02:32, 60:01:94:82:7F:A8, -33, 8820, 669, 1, 0, 0
2017-10-18T10:02:32, 60:01:94:82:7E:A5, -37, 8815, 678, 1, 0, 0
2017-10-18T10:02:32, 60:01:94:82:80:39, -27, 2201, 1024, 1, 0, 1
2017-10-18T10:02:32, 60:01:94:82:81:75, -32, 2204, 1024, 1, 0, 1
2017-10-18T10:02:32, 60:01:94:82:7F:37, -28, 8786, 662, 1, 0, 0
2017-10-18T10:02:32, 60:01:94:82:80:53, -36, 1397, 1024, 1, 0, 1
2017-10-18T10:02:32, 60:01:94:82:80:86, -33, 8770, 670, 1, 0, 0
2017-10-18T10:02:33, 60:01:94:82:81:3F, -30, 2174, 1024, 1, 0, 1
2017-10-18T10:02:33, 60:01:94:82:81:67, -29, 8863, 658, 1, 0, 0
2017-10-18T10:02:33, 60:01:94:82:80:39, -27, 2202, 1024, 1, 0, 1
2017-10-18T10:02:33, 60:01:94:82:81:42, -39, 8786, 650, 1, 0, 0
2017-10-18T10:02:33, 60:01:94:82:85:4F, -37, 8771, 666, 1, 0, 0
2017-10-18T10:02:33, 60:01:94:82:81:75, -33, 2205, 1024, 1, 0, 1
2017-10-18T10:02:33, 60:01:94:82:80:53, -36, 1398, 1024, 1, 0, 1
2017-10-18T10:02:33, 60:01:94:82:7F:FC, -36, 8892, 667, 1, 0, 0
2017-10-18T10:02:33, 60:01:94:82:81:55, -41, 8875, 658, 1, 0, 0
2017-10-18T10:02:34, 60:01:94:82:81:3F, -32, 2175, 1024, 1, 0, 1
